0                         (USER'S CONDITIONS)
30.0 0. 30. 0. 4 4        (GEOMETRICAL CONDITIONS, MONTH, DAY OF MONTH)
8                         (USER'S  MODEL)
3.   0.35                 (UH2O(G/CM2) ,UO3(CM-ATM))
1                         (AEROSOLS MODEL)
0                         (NEXT VALUE IS THE AERO. OPT. THICK. @550)
0.2                       (AERO. OPT. THICK. @550)
0                         (TARGET ALTITUDE IN KM)
-1000                     (SATELLITE CASE)
49                        (AVHRR CHANNEL 1(NOAA 12))
1                         (NON UNIFORM SURFACE)
-1  -1  0.5                 (TARGET, ENV., RADIUS (KM))
  .0410  .0415  .0420  .0425  .0430  .0435  .0440  .0440  .0440  .0450
  .0460  .0465  .0470  .0480  .0490  .0495  .0500  .0510  .0520  .0530
  .0540  .0545  .0550  .0555  .0560  .0575  .0590  .0595  .0600  .0605
  .0610  .0610  .0610  .0600  .0590  .0580  .0570  .0555  .0540  .0535
  .0530  .0520  .0510  .0505  .0500  .0495  .0490  .0480  .0470  .0465
  .0460  .0460  .0460  .0455  .0450  .0445  .0440  .0435  .0430  .0430
  .0430  .0420  .0410  .0405  .0400  .0390  .0380  .0375  .0370  .0370
  .0370  .0365  .0360  .0345  .0330  .0325  .0320  .0315  .0310  .0300
  .0290  .0280  .0270  .0255  .0240  .0235  .0230  .0220  .0210  .0195
  .0180  .0165  .0150  .0135  .0120  .0105  .0090  .0085  .0080  .0070
  .0060  .0050  .0040  .0030  .0020  .0015  .0010  .0005  .0000  .0000
  .0000  .0000  .0000  .0000  .0000  .0000  .0000  .0000  .0000  .0000
  .0000  .0000  .0000  .0000  .0000  .0000  .0000  .0000  .0000  .0000
  .0000  .0000  .0000  .0000  .0000  .0000  .0000  .0000  .0000  .0000
  .0000  .0000  .0000  .0000  .0000  .0000  .0000  .0000  .0000  .0000
  .0000  .0000  .0000  .0000  .0000  .0000  .0000  .0000  .0000  .0000
  .0000  .0000  .0000  .0000  .0000  .0000  .0000  .0000  .0000  .0000
  .0000  .0000  .0000  .0000  .0000  .0000  .0000  .0000  .0000  .0000
  .0000  .0000  .0000  .0000  .0000  .0000  .0000  .0000  .0000  .0000
  .0000  .0000  .0000  .0000  .0000  .0000  .0000  .0000  .0000  .0000
  .0000
  .1150  .1170  .1190  .1200  .1210  .1230  .1250  .1260  .1270  .1285
  .1300  .1315  .1330  .1330  .1330  .1335  .1340  .1335  .1330  .1320
  .1310  .1290  .1270  .1240  .1210  .1180  .1150  .1125  .1100  .1075
  .1050  .1030  .1010  .0995  .0980  .0960  .0940  .0920  .0900  .0885
  .0870  .0850  .0830  .0820  .0810  .0805  .0800  .0790  .0780  .0770
  .0760  .0755  .0750  .0745  .0740  .0735  .0730  .0730  .0730  .0730
  .0730  .0735  .0740  .0765  .0790  .0895  .1000  .1190  .1380  .1535
  .1690  .1840  .1990  .2135  .2280  .2435  .2590  .2745  .2900  .3030
  .3160  .3330  .3500  .3640  .3780  .3905  .4030  .4195  .4360  .4490
  .4620  .4745  .4870  .4980  .5090  .5100  .5110  .5125  .5140  .5165
  .5190  .5195  .5200  .5200  .5200  .5210  .5220  .5220  .5220  .5220
  .5220  .5225  .5230  .5235  .5240  .5240  .5240  .5240  .5240  .5240
  .5240  .5250  .5260  .5260  .5260  .5260  .5260  .5265  .5270  .5270
  .5270  .5270  .5270  .5275  .5280  .5280  .5280  .5280  .5280  .5285
  .5290  .5290  .5290  .5290  .5290  .5290  .5290  .5300  .5310  .5310
  .5310  .5310  .5310  .5310  .5310  .5310  .5310  .5315  .5320  .5320
  .5320  .5320  .5320  .5320  .5320  .5320  .5320  .5325  .5330  .5330
  .5330  .5330  .5330  .5335  .5340  .5340  .5340  .5340  .5340  .5340
  .5340  .5345  .5350  .5350  .5350  .5355  .5360  .5360  .5360  .5365
  .5370  .5370  .5370  .5365  .5360  .5360  .5360  .5355  .5350  .5350
  .5350
-2            (NO ATMOSPHERIC CORRECTION)
