#   wl        direct       diffuse (W/m^2/mic)
0.2500     0.0000000     0.0000000
0.2525     0.0000000     0.0000000
0.2550     0.0000000     0.0000000
0.2575     0.0000000     0.0000000
0.2600     0.0000000     0.0000000
0.2625     0.0000000     0.0000000
0.2650     0.0000000     0.0000000
0.2675     0.0000000     0.0000000
0.2700     0.0000000     0.0000000
0.2725     0.0000000     0.0000000
0.2750     0.0000000     0.0000000
0.2775     0.0000000     0.0000000
0.2800     0.0000000     0.0000000
0.2825     0.0000000     0.0000000
0.2850     0.0000000     0.0000000
0.2875     0.0000000     0.0000000
0.2900     0.0000000     0.0000000
0.2925     0.0000403     0.0002150
0.2950     0.0019285     0.0095559
0.2975     0.0312484     0.1440575
0.3000     0.2576047     1.1074046
0.3025     1.2595741     5.0600162
0.3050     3.2830195    12.3498602
0.3075     7.6033716    26.8346939
0.3100    13.6246271    45.1979713
0.3125    24.3094635    75.9343796
0.3150    34.1624413   100.6492615
0.3175    47.3616333   131.8209229
0.3200    58.8677292   155.0237274
0.3225    73.4119034   183.1846924
0.3250    86.3531265   204.4631042
0.3275   102.0741730   229.6435089
0.3300   116.6300964   249.6401062
0.3325   122.7774277   250.3397675
0.3350   127.8703308   248.6627502
0.3375   137.8303833   255.9283295
0.3400   147.7678070   262.2830811
0.3425   150.8564606   256.2355347
0.3450   153.7317352   250.1359253
0.3475   163.7515564   255.4889679
0.3500   174.0873108   260.7062073
0.3525   185.3086548   266.6169128
0.3550   196.7604980   272.2295532
0.3575   193.3111725   257.4221497
0.3600   189.2241516   242.7348938
0.3625   215.1084137   266.0384216
0.3650   242.0357208   288.8371582
0.3675   253.5322876   292.1726074
0.3700   265.2422485   295.4055481
0.3725   252.7990875   272.3016357
0.3750   239.5015869   249.6912384
0.3775   258.8654175   261.3984680
0.3800   278.7599182   272.8351135
0.3825   255.6680145   242.7100830
0.3850   231.4204559   213.2301483
0.3875   264.9322815   237.0857239
0.3900   299.4452820   260.4318848
0.3925   275.2644043   232.8144531
0.3950   250.0212250   205.7745667
0.3975   348.9211731   284.4931641
0.4000   450.7988586   364.3377991
0.4025   462.6215515   364.4907837
0.4050   474.4966125   364.6575928
0.4075   489.9555664   367.7032776
0.4100   505.5616455   370.7208557
0.4125   524.1635132   375.7608032
0.4150   542.9797974   380.7460022
0.4175   539.8271484   370.4635010
0.4200   536.3106079   360.3912659
0.4225   539.2673950   355.1217651
0.4250   542.0378418   349.9765015
0.4275   517.3209839   327.4730835
0.4300   491.7777100   305.3554077
0.4325   539.9059448   329.0867615
0.4350   588.8638916   352.5093384
0.4375   600.1101685   352.9839783
0.4400   611.3662109   353.5046387
0.4425   641.3898315   364.9453735
0.4450   671.7850342   376.3070068
0.4475   700.6112671   386.3175354
0.4500   729.8099976   396.2980957
0.4525   729.8571167   390.5729370
0.4550   729.6013184   384.9329224
0.4575   738.9171753   384.3008118
0.4600   748.1872559   383.7432861
0.4625   748.7288818   379.2815247
0.4650   749.9275513   375.3466187
0.4675   751.3291016   371.5942383
0.4700   751.7945557   367.5600586
0.4725   763.2387695   369.1126404
0.4750   774.3342285   370.5567322
0.4775   786.1705933   372.3152161
0.4800   797.9075928   374.0829163
0.4825   767.9401855   356.3578796
0.4850   737.6182251   338.9106750
0.4875   753.2752686   342.8072815
0.4900   769.1257935   345.6902466
0.4925   781.6937866   346.9942017
0.4950   794.2153931   348.2897339
0.4975   781.7857666   338.8737488
0.5000   769.1480103   329.6283875
0.5025   779.9029541   330.4634399
0.5050   790.6521606   331.3221741
0.5075   795.2464600   329.4884033
0.5100   799.8142700   327.7277222
0.5125   780.2305908   316.4186401
0.5150   760.3381958   305.2588806
0.5175   758.7401733   300.8934326
0.5200   756.8859253   296.5552368
0.5225   771.5093994   298.7970886
0.5250   786.1102905   301.0044861
0.5275   798.8428345   302.4810181
0.5300   811.3706665   303.8751221
0.5325   810.9418945   300.2434387
0.5350   811.1544800   296.9521790
0.5375   804.1171265   291.2044678
0.5400   796.9484863   285.5571289
0.5425   805.0325317   285.3222656
0.5450   812.8861694   285.0353394
0.5475   813.4707642   282.1882935
0.5500   813.9125366   279.3755493
0.5525   816.1885986   276.7171021
0.5550   818.4265747   274.1166382
0.5575   809.6716919   267.8185120
0.5600   800.8077393   261.6434937
0.5625   806.5856934   260.3493042
0.5650   812.4102783   259.1062622
0.5675   811.1832886   255.7378998
0.5700   796.9062500   248.3865967
0.5725   816.3248291   251.5933380
0.5750   820.7678833   250.1736603
0.5775   821.4577026   247.7221069
0.5800   821.2502441   245.0651855
0.5825   825.9295044   243.9757385
0.5850   830.0496216   242.7570496
0.5875   807.1699829   233.7004242
0.5900   729.7836304   209.2091675
0.5925   762.6397705   216.5023804
0.5950   784.5780029   220.5973206
0.5975   799.0937500   222.6121521
0.6000   804.1467896   221.9913025
0.6025   806.5571289   220.6198120
0.6050   812.0919189   220.1329346
0.6075   808.0427856   217.1947327
0.6100   803.9470215   214.3071442
0.6125   796.2391357   210.5753326
0.6150   788.4023438   206.8826599
0.6175   798.4302979   207.8650818
0.6200   808.2570801   208.7944031
0.6225   801.5723267   205.4912415
0.6250   794.7833252   202.2257233
0.6275   790.1921997   199.6236572
0.6300   779.9434814   195.6534882
0.6325   789.4943848   196.6854706
0.6350   796.1755981   196.6983337
0.6375   796.1506348   194.9981689
0.6400   796.0608521   193.3166962
0.6425   794.1693115   191.2785492
0.6450   790.9129028   188.9535370
0.6475   766.4566650   181.6477203
0.6500   776.7198486   182.6269531
0.6525   751.6303101   175.3890839
0.6550   734.5291748   170.1165161
0.6575   744.2106323   171.2393188
0.6600   770.2509155   176.0955658
0.6625   776.5522461   177.0461121
0.6650   783.5021973   178.1483307
0.6675   780.5606689   177.6766968
0.6700   777.6052246   177.2029877
0.6725   775.8211670   176.7281036
0.6750   773.9910889   176.2485809
0.6775   771.7013550   175.6323547
0.6800   769.1207886   174.9562378
0.6825   763.2832642   173.5087585
0.6850   757.7464600   172.1371307
0.6875   564.7973633   128.2786865
0.6900   688.7034912   156.3925781
0.6925   721.6451416   163.8477325
0.6950   662.4000244   150.2747192
0.6975   734.7940063   166.2282410
0.7000   694.1446533   156.5955811
0.7025   711.0500488   160.2295380
0.7050   727.5507812   163.7675171
0.7075   719.9321899   161.6822815
0.7100   720.1120605   161.3582001
0.7125   722.1895142   161.3674774
0.7150   697.6395874   155.4479980
0.7175   559.0298462   124.4170227
0.7200   499.3001709   110.9955521
0.7225   701.9150391   155.6471558
0.7250   607.7080688   134.4242401
0.7275   573.4248047   126.5069199
0.7300   627.1254883   137.9942322
0.7325   650.1872559   142.6187134
0.7350   659.5678711   144.2262726
0.7375   680.3750610   147.7528381
0.7400   664.1657715   143.2485199
0.7425   683.7714233   146.5066833
0.7450   695.7316284   148.0962677
0.7475   692.9536743   146.6056366
0.7500   689.9810181   145.0941467
0.7525   687.5728149   143.6120148
0.7550   685.1486816   142.1474762
0.7575   682.2230835   140.5735474
0.7600   222.2197876    45.4784622
0.7625   414.8688965    84.3656158
0.7650   481.6539307    97.3292542
0.7675   627.4101562   125.9424515
0.7700   657.7252808   131.1594543
0.7725   661.8786011   131.1262207
0.7750   662.6558228   130.4298706
0.7775   661.3192139   129.3541870
0.7800   659.5441284   128.2078552
0.7825   657.7815552   127.0793076
0.7850   654.9047852   125.7518616
0.7875   639.1077881   121.9532623
0.7900   624.2153320   118.3743515
0.7925   633.4089355   119.3798676
0.7950   627.2024536   117.4896317
0.7975   630.9833984   117.4827576
0.8000   633.1193237   117.1726990
0.8025   624.5050049   114.9318771
0.8050   610.7375488   111.7745361
0.8075   621.5084839   113.0781250
0.8100   613.6669312   111.0009842
0.8125   573.8336792   103.1957932
0.8150   489.1597900    87.4636993
0.8175   493.2000732    87.6998749
0.8200   492.2762451    87.0567245
0.8225   424.8280334    74.7074127
0.8250   535.6031494    93.6633224
0.8275   501.0252686    87.1324844
0.8300   555.3352661    96.0479431
0.8325   491.2583618    84.5185089
0.8350   570.6611938    97.6666794
0.8375   572.6372070    97.4796066
0.8400   576.5470581    97.6232071
0.8425   587.9526978    99.0289536
0.8450   582.2728271    97.5585327
0.8475   573.8206787    95.6596222
0.8500   561.9119873    93.2076340
0.8525   547.0507812    90.2778625
0.8550   537.2510986    88.2100754
0.8575   553.9767456    90.4975510
0.8600   574.2431030    93.3388214
0.8625   560.8853149    90.6321564
0.8650   547.7436523    87.9912796
0.8675   551.5428467    88.1171875
0.8700   555.4931030    88.2657089
0.8725   565.3819580    89.3193665
0.8750   575.0693359    90.3288727
0.8775   571.0357666    89.1833420
0.8800   566.6313477    87.9928436
0.8825   561.6636963    86.7282410
0.8850   560.4091187    86.0476608
0.8875   558.3841553    85.2565308
0.8900   548.6565552    83.3043594
0.8925   549.9000854    83.0445328
0.8950   491.4206238    73.8163300
0.8975   414.1136780    61.8620605
0.9000   394.1044922    58.5508690
0.9025   361.6144409    53.4313354
0.9050   467.1133423    68.6454239
0.9075   360.9264526    52.7543411
0.9100   406.8099976    59.1414032
0.9125   399.4498596    57.7609177
0.9150   352.9324341    50.7627487
0.9175   316.4452820    45.2815323
0.9200   511.3043518    72.7916260
0.9225   414.5813293    58.7117729
0.9250   423.8668823    59.7129822
0.9275   442.0505676    61.9505463
0.9300   259.9064636    36.2355003
0.9325   138.8026428    19.2550907
0.9350   132.3957520    18.2752113
0.9375   117.2579422    16.1029263
0.9400   276.0896301    37.7221756
0.9425   233.8862762    31.7939949
0.9450    71.1506729     9.6232824
0.9475   183.6323547    24.7119236
0.9500    85.9945221    11.5146675
0.9525   167.3403625    22.2992363
0.9550   170.2691498    22.5810127
0.9575   256.4159546    33.8379250
0.9600   265.2121582    34.8267632
0.9625   277.2348633    36.2337875
0.9650   251.1365356    32.6686287
0.9675   389.1662903    50.3784409
0.9700   383.4846802    49.4031944
0.9725   396.0392151    50.7841187
0.9750   387.0679626    49.4047432
0.9775   398.2593689    50.5908852
0.9800   380.1514282    48.0613861
0.9825   403.9755859    50.8231354
0.9850   408.3364563    51.1210327
0.9875   437.3898926    54.5016975
0.9900   451.7683105    56.0306473
0.9925   446.9243469    55.1626358
0.9950   455.3547974    55.9333076
0.9975   450.8113403    55.1200981
1.0000   449.2289734    54.6746216
1.0025   442.6759033    53.6214943
1.0050   444.6305847    53.6038971
1.0075   439.9718018    52.7834778
1.0100   433.4371948    51.7468338
1.0125   436.9432373    51.9219818
1.0150   435.3882141    51.4966850
1.0175   434.0914917    51.1056824
1.0200   429.2316284    50.3005943
1.0225   428.8401794    50.0152092
1.0250   427.7666016    49.6531181
1.0275   423.2181702    48.9099579
1.0300   423.8365784    48.7676773
1.0325   421.9606628    48.3324242
1.0350   419.6642761    47.8529968
1.0375   417.2443542    47.3720245
1.0400   414.7563171    46.8873825
1.0425   412.6628418    46.4432030
1.0450   410.5016479    45.9953194
1.0475   408.2949829    45.5461884
1.0500   405.4666443    45.0318260
1.0525   403.4927979    44.6164131
1.0550   401.2644348    44.1764946
1.0575   398.8493958    43.7122002
1.0600   396.4367371    43.2523117
1.0625   393.9710999    42.7979889
1.0650   391.4557495    42.3421402
1.0675   388.9019775    41.8787270
1.0700   386.1333008    41.3962631
1.0725   382.0307312    40.7826385
1.0750   373.5402527    39.7077370
1.0775   366.6565552    38.7984009
1.0800   364.4243469    38.3870888
1.0825   381.2543640    39.9850883
1.0850   368.4503174    38.4747620
1.0875   363.4051208    37.7906342
1.0900   344.4217834    35.6686172
1.0925   322.8677979    33.2931480
1.0950   331.3219299    34.0189972
1.0975   364.2500916    37.2407837
1.1000   341.5125427    34.7680855
1.1025   336.4508972    34.1139984
1.1050   314.7713928    31.7870483
1.1075   261.8782654    26.3393440
1.1100   246.9866028    24.7420788
1.1125   177.4307251    17.7033768
1.1150   150.4109802    14.9477930
1.1175   155.0219879    15.3397112
1.1200   101.3209152     9.9828987
1.1225    64.9723129     6.3753066
1.1250    61.1379776     5.9745464
1.1275    81.8444290     7.9654632
1.1300   194.8430634    18.8860664
1.1325   234.8213654    22.6691513
1.1350     8.0582438     0.7747944
1.1375   218.8550568    20.9618988
1.1400   195.0780640    18.6130619
1.1425   209.1017609    19.8716621
1.1450    66.1662598     6.2630548
1.1475   113.5915070    10.7114878
1.1500   107.0489120    10.0564785
1.1525   118.6105881    11.1027012
1.1550   182.3698273    17.0100822
1.1575   178.1892853    16.5610733
1.1600   193.7940826    17.9476128
1.1625   208.5420990    19.2453766
1.1650   248.7299042    22.8735085
1.1675   274.3197327    25.1384792
1.1700   283.2121277    25.8629036
1.1725   249.6822510    22.7257614
1.1750   217.9765930    19.7747211
1.1775   242.7834320    21.9568462
1.1800   271.3013916    24.4601669
1.1825   252.2547760    22.6652031
1.1850   276.7908020    24.7850761
1.1875   283.4079590    25.2958298
1.1900   275.0569763    24.4716949
1.1925   306.5931702    27.1856079
1.1950   288.6023254    25.5045528
1.1975   291.3488464    25.6612778
1.2000   267.1057434    23.4477005
1.2025   290.9871216    25.4637775
1.2050   272.7535400    23.7934513
1.2075   268.3695984    23.3339596
1.2100   281.2613220    24.3747540
1.2125   292.0401611    25.2262688
1.2150   270.2398071    23.2672462
1.2175   281.0496216    24.1236858
1.2200   291.6012878    24.9528275
1.2225   291.5283203    24.8664303
1.2250   290.1527100    24.6697941
1.2275   289.8174744    24.5585213
1.2300   290.3269043    24.5193596
1.2325   287.9820862    24.2443275
1.2350   287.0401917    24.0888615
1.2375   283.2026062    23.6921463
1.2400   283.2324219    23.6204872
1.2425   282.5867004    23.4852085
1.2450   280.5913696    23.2391453
1.2475   277.7330017    22.9234924
1.2500   276.4311829    22.7380428
1.2525   273.7621765    22.4455719
1.2550   270.7157593    22.1242104
1.2575   268.4955750    21.8722782
1.2600   262.1022034    21.2830505
1.2625   256.5253601    20.7567883
1.2650   250.0274658    20.1598835
1.2675   227.2062225    18.2586861
1.2700   240.4042511    19.2551441
1.2725   250.3165741    19.9759464
1.2750   251.2681274    19.9789791
1.2775   252.2025299    19.9805984
1.2800   247.8601837    19.5656910
1.2825   249.3686066    19.6204796
1.2850   245.0218201    19.2157898
1.2875   240.8391113    18.8202286
1.2900   234.5593872    18.2641430
1.2925   235.1117859    18.2390041
1.2950   231.1261749    17.8633347
1.2975   222.1328735    17.1047516
1.3000   223.3183594    17.1326523
1.3025   201.2083130    15.3641100
1.3050   205.0296173    15.5827751
1.3075   212.9724884    16.1137123
1.3100   184.4657593    13.8942871
1.3125   178.0432892    13.3460617
1.3150   178.9907379    13.3526831
1.3175   197.0888977    14.6423283
1.3200   158.4866333    11.7261353
1.3225   173.0359497    12.7394075
1.3250   198.9857941    14.5777388
1.3275   171.0877228    12.4807835
1.3300   111.1443405     8.0736303
1.3325   121.3936844     8.7734709
1.3350   139.3859253    10.0228662
1.3375   160.9131775    11.5124235
1.3400   126.5786591     9.0103245
1.3425    76.8198166     5.4482641
1.3450    56.6992188     4.0065527
1.3475    38.4286346     2.7009680
1.3500    13.1734743     0.9209527
1.3525     3.7529829     0.2612399
1.3550     1.3519672     0.0937038
1.3575     0.2074761     0.0143208
1.3600     0.9064346     0.0623087
1.3625     0.3093409     0.0211771
1.3650     0.0370497     0.0025260
1.3675     0.8610835     0.0584382
1.3700     0.2616420     0.0176752
1.3725     2.1482403     0.1444857
1.3750     9.1210480     0.6107680
1.3775     3.8649509     0.2577620
1.3800     0.1985492     0.0131884
1.3825     0.0284621     0.0018826
1.3850     3.2319188     0.2128835
1.3875     0.7644193     0.0501677
1.3900    10.8015957     0.7063154
1.3925     0.2911133     0.0189734
1.3950     0.0309361     0.0020097
1.3975    51.0783463     3.3055959
1.4000     5.2602000     0.3391359
1.4025     0.3883733     0.0249450
1.4050     0.8896349     0.0569265
1.4075     3.0661242     0.1954633
1.4100     1.6289054     0.1034542
1.4125     5.1623459     0.3265349
1.4150    22.5946674     1.4233847
1.4175    21.8465328     1.3721153
1.4200     4.9074597     0.3072991
1.4225     6.3463430     0.3961455
1.4250    24.3899307     1.5176504
1.4275    15.4502649     0.9581974
1.4300    30.5798664     1.8902459
1.4325    13.9237356     0.8582885
1.4350    35.6365509     2.1906424
1.4375    19.6512165     1.2052978
1.4400    20.8843079     1.2780823
1.4425    16.3546658     0.9986581
1.4450    56.4263344     3.4379458
1.4475    90.4108810     5.4964557
1.4500    10.9355879     0.6633666
1.4525    70.8858185     4.2936125
1.4550    56.5832710     3.4222164
1.4575   107.5885086     6.4974995
1.4600    61.3502350     3.6996341
1.4625    72.0274124     4.3386416
1.4650    56.0767822     3.3740959
1.4675    50.6287079     3.0424047
1.4700    63.0913162     3.7864962
1.4725    18.3756351     1.1016330
1.4750    45.6066856     2.7311780
1.4775    84.7844543     5.0744576
1.4800    58.2408600     3.4838130
1.4825    67.5440903     4.0366607
1.4850   101.0755539     6.0352011
1.4875    80.8377686     4.8200741
1.4900    99.2037735     5.9069438
1.4925   102.7731400     6.1140985
1.4950   118.9692917     7.0714421
1.4975   150.3916321     8.9298906
1.5000   168.6743317    10.0051394
1.5025   145.9844055     8.6503887
1.5050   154.4951630     9.1453552
1.5075   167.5039520     9.9069805
1.5100   180.8358459    10.6864862
1.5125   166.8540649     9.8519602
1.5150   155.8464355     9.1943359
1.5175   160.5307770     9.4628220
1.5200   168.5820618     9.9292583
1.5225   177.8011780    10.4619398
1.5250   164.7398224     9.6839027
1.5275   168.0536194     9.8691092
1.5300   168.6760712     9.8960848
1.5325   176.1107788    10.3239803
1.5350   170.5109100     9.9877663
1.5375   173.1786499    10.1263399
1.5400   172.4271393    10.0595913
1.5425   171.6963654     9.9943733
1.5450   172.1379089     9.9975367
1.5475   172.3349457     9.9865503
1.5500   173.2304688    10.0160036
1.5525   171.2010345     9.8734016
1.5550   171.5021210     9.8655987
1.5575   171.0024109     9.8119211
1.5600   170.3941345     9.7523127
1.5625   168.9595337     9.6488924
1.5650   168.6048584     9.6075058
1.5675   164.7773590     9.3658686
1.5700   154.8681030     8.7806358
1.5725   153.2269287     8.6673040
1.5750   160.1602936     9.0383997
1.5775   153.8480682     8.6579180
1.5800   158.0194855     8.8678999
1.5825   161.1806946     9.0244598
1.5850   161.9897766     9.0488892
1.5875   162.8202820     9.0701590
1.5900   161.5291901     8.9734430
1.5925   161.3704376     8.9413834
1.5950   160.8289337     8.8883562
1.5975   157.4292908     8.6794348
1.6000   156.8156586     8.6247454
1.6025   147.4173584     8.0858078
1.6050   148.4118347     8.1183071
1.6075   152.6921539     8.3285770
1.6100   145.4710693     7.9121103
1.6125   148.7239838     8.0673122
1.6150   152.5136566     8.2507143
1.6175   153.3730621     8.2737560
1.6200   153.6143036     8.2634249
1.6225   153.2268372     8.2207146
1.6250   152.2795410     8.1482620
1.6275   151.6324768     8.0922318
1.6300   150.7628937     8.0246696
1.6325   149.2217865     7.9205627
1.6350   148.5639343     7.8638082
1.6375   147.0238800     7.7619934
1.6400   144.9787292     7.6341243
1.6425   143.8737488     7.5528030
1.6450   142.5819397     7.4622173
1.6475   141.8793945     7.4040098
1.6500   141.2181549     7.3483386
1.6525   140.7736664     7.3042030
1.6550   141.2370148     7.3072977
1.6575   141.8074493     7.3159170
1.6600   142.4428253     7.3277826
1.6625   141.0602417     7.2361107
1.6650   130.4239044     6.6715655
1.6675   137.5164642     7.0145435
1.6700   139.4760284     7.0945139
1.6725   137.8086548     6.9858036
1.6750   137.1246185     6.9275031
1.6775   134.9400940     6.7971125
1.6800   136.4062805     6.8508492
1.6825   135.3859253     6.7787156
1.6850   132.2230377     6.6000757
1.6875   133.2699738     6.6330214
1.6900   127.3072205     6.3179088
1.6925   131.4688873     6.5046148
1.6950   125.1034622     6.1709099
1.6975   124.7033997     6.1326008
1.7000   129.7691345     6.3624849
1.7025   125.3371582     6.1267252
1.7050   127.8480225     6.2307196
1.7075   116.5987549     5.6663818
1.7100   127.3903580     6.1732950
1.7125   118.3534851     5.7183313
1.7150   117.7578049     5.6726961
1.7175   122.4160843     5.8805561
1.7200   126.5644913     6.0628333
1.7225   107.0737534     5.1140838
1.7250   110.5569916     5.2649775
1.7275   116.8602371     5.5497279
1.7300   116.2581635     5.5058651
1.7325   104.6998367     4.9447975
1.7350   115.8019867     5.4541116
1.7375   104.8587570     4.9251652
1.7400    98.4910049     4.6134381
1.7425   109.1724243     5.1005864
1.7450   108.5846710     5.0601010
1.7475    87.2792206     4.0556278
1.7500   116.3485870     5.3909955
1.7525   101.2793503     4.6801200
1.7550    79.5714035     3.6671166
1.7575   116.0055084     5.3319006
1.7600   115.3649673     5.2883134
1.7625    85.9383621     3.9283237
1.7650    67.1475754     3.0607903
1.7675    92.4109955     4.2012267
1.7700    89.5286484     4.0594454
1.7725    89.0141373     4.0254903
1.7750    73.2930527     3.3058414
1.7775    56.0645256     2.5217776
1.7800    66.2589111     2.9721181
1.7825    65.8686447     2.9464984
1.7850    45.8013802     2.0432220
1.7875    49.9820938     2.2233071
1.7900    59.6463089     2.6455817
1.7925    30.5003376     1.3489511
1.7950    30.3149109     1.3369272
1.7975    43.8526993     1.9290289
1.8000    12.9737568     0.5692482
1.8025    21.8551750     0.9565030
1.8050    21.8805199     0.9551939
1.8075     9.6604528     0.4206035
1.8100    11.9561758     0.5191712
1.8125    10.0975819     0.4372386
1.8150     4.0498948     0.1748766
1.8175     4.0300484     0.1735354
1.8200     0.6926024     0.0297411
1.8225     5.1608982     0.2210337
1.8250     0.7708944     0.0329300
1.8275     0.7669869     0.0326683
1.8300     0.0629324     0.0026727
1.8325     6.6159320     0.2802938
1.8350     0.0043687     0.0001846
1.8375     0.0043461     0.0001830
1.8400     0.2893176     0.0121400
1.8425     0.6195918     0.0259058
1.8450     0.6163673     0.0256790
1.8475     0.0118464     0.0004913
1.8500     0.5009419     0.0206800
1.8525     0.3928294     0.0161265
1.8550     0.3907382     0.0159513
1.8575     0.8156769     0.0329724
1.8600     0.0771166     0.0030867
1.8625     0.6752037     0.0268270
1.8650     0.6715251     0.0264844
1.8675     0.0212807     0.0008340
1.8700     0.0048825     0.0001901
1.8725     0.0048551     0.0001881
1.8750     0.0029720     0.0001146
1.8775     0.3544673     0.0136155
1.8800     6.6565127     0.2548005
1.8825     6.6187062     0.2525201
1.8850     2.0000505     0.0760562
1.8875     0.8487809     0.0321565
1.8900     0.8438107     0.0318492
1.8925     1.3133174     0.0494089
1.8950    26.8887424     1.0083045
1.8975    26.9175262     1.0062646
1.9000     0.0320903     0.0011959
1.9025     1.6170614     0.0601065
1.9050     0.0710888     0.0026355
1.9075     0.0707591     0.0026172
1.9100     0.8218607     0.0303287
1.9125     0.3551758     0.0130749
1.9150     0.3535561     0.0129835
1.9175     4.3979840     0.1611866
1.9200     0.0373164     0.0013650
1.9225     0.0371381     0.0013554
1.9250     2.6968782     0.0982011
1.9275     0.4859621     0.0176608
1.9300     0.4836412     0.0175423
1.9325     2.0773320     0.0752019
1.9350    12.4206228     0.4487768
1.9375    12.3594418     0.4458388
1.9400     1.2379401     0.0445835
1.9425     8.9773350     0.3227436
1.9450     8.9338036     0.3206161
1.9475    12.6374493     0.4530740
1.9500    18.9239979     0.6777765
1.9525    18.8292866     0.6736106
1.9550     8.6290541     0.3083477
1.9575    12.8434544     0.4585564
1.9600    12.7781258     0.4558394
1.9625    14.9613266     0.5334302
1.9650    25.3390446     0.9029434
1.9675    25.2080479     0.8968769
1.9700    33.6655922     1.1959258
1.9725    38.2323418     1.3572249
1.9750    38.0313835     1.3491812
1.9775    46.0762978     1.6337136
1.9800    45.8313713     1.6241732
1.9825    51.6294136     1.8265820
1.9850    50.9458733     1.7993975
1.9875    50.6661530     1.7880781
1.9900    49.8683510     1.7585160
1.9925    55.9793129     1.9721562
1.9950    55.6665802     1.9593073
1.9975    39.6600418     1.3942235
2.0000    39.6850624     1.3934155
2.0025    22.2508850     0.7804403
2.0050    13.6590786     0.4785786
2.0075    13.6003141     0.4760848
2.0100    34.2189140     1.1967579
2.0125    19.8312969     0.6927477
2.0150    19.7447834     0.6889102
2.0175    23.2460594     0.8101181
2.0200    23.1416283     0.8055329
2.0225    37.0111046     1.2868072
2.0250    51.8720551     1.8013966
2.0275    51.6356964     1.7903662
2.0300    58.7438927     2.0336375
2.0325    58.4789391     2.0218601
2.0350    65.6970978     2.2685094
2.0375    63.9696579     2.2060423
2.0400    63.6768723     2.1931612
2.0425    65.2406006     2.2444851
2.0450    63.2852783     2.1747732
2.0475    62.9972229     2.1618614
2.0500    47.6857491     1.6341486
2.0525    47.4531364     1.6237113
2.0550    40.8301201     1.3949770
2.0575    40.6327705     1.3867143
2.0600    50.0177689     1.7051435
2.0625    43.4873772     1.4809065
2.0650    43.2823372     1.4723208
2.0675    43.6900291     1.4843888
2.0700    43.4734154     1.4752390
2.0725    49.4947128     1.6773257
2.0750    53.2899246     1.8035308
2.0775    53.0216141     1.7925465
2.0800    61.1144676     2.0639732
2.0825    60.8095665     2.0512407
2.0850    57.3702316     1.9329532
2.0875    57.0809479     1.9212015
2.0900    59.9731178     2.0164533
2.0925    59.8908958     2.0108044
2.0950    59.5840187     1.9976552
2.0975    58.1660995     1.9473469
2.1000    58.1417694     1.9437823
2.1025    59.3111038     1.9806063
2.1050    59.3290176     1.9789515
2.1075    62.1288414     2.0697219
2.1100    59.6631088     1.9850793
2.1125    59.4084320     1.9738630
2.1150    58.5657883     1.9431810
2.1175    58.3073692     1.9319459
2.1200    59.8874931     1.9815841
2.1225    59.6270866     1.9707932
2.1250    58.9085197     1.9449003
2.1275    58.6562729     1.9344548
2.1300    58.2607613     1.9193244
2.1325    59.6297264     1.9620416
2.1350    59.3578835     1.9507371
2.1375    59.9369736     1.9673998
2.1400    59.6676559     1.9562161
2.1425    59.3473244     1.9433975
2.1450    59.0780754     1.9322850
2.1475    58.2024536     1.9018874
2.1500    57.9293785     1.8912144
2.1525    52.5469971     1.7132640
2.1550    52.3098297     1.7033228
2.1575    55.9858475     1.8206732
2.1600    51.8905678     1.6853209
2.1625    51.6469765     1.6754800
2.1650    53.6874580     1.7396827
2.1675    53.4329262     1.7292349
2.1700    55.2416191     1.7855093
2.1725    54.9706345     1.7745131
2.1750    52.2453194     1.6844338
2.1775    51.9986305     1.6745993
2.1800    50.4968796     1.6244245
2.1825    50.2500496     1.6142718
2.1850    48.7025261     1.5624397
2.1875    48.4620056     1.5528153
2.1900    51.9876175     1.6637527
2.1925    51.7219124     1.6534435
2.1950    50.2690544     1.6052589
2.1975    50.2733459     1.6032588
2.2000    45.3584366     1.4446031
2.2025    45.3955269     1.4442366
2.2050    48.8993683     1.5540484
2.2075    48.7007713     1.5449533
2.2100    52.2494583     1.6545496
2.2125    50.1249084     1.5844356
2.2150    49.9124985     1.5749017
2.2175    51.4485435     1.6204849
2.2200    51.2414169     1.6111073
2.2225    50.1292648     1.5733598
2.2250    49.9193726     1.5640317
2.2275    50.5382423     1.5806465
2.2300    50.3183556     1.5710278
2.2325    49.0264626     1.5280361
2.2350    48.8237419     1.5190780
2.2375    49.0953178     1.5248970
2.2400    48.8841705     1.5157340
2.2425    47.8401451     1.4808184
2.2450    47.6324921     1.4718839
2.2475    48.0080719     1.4809773
2.2500    47.7978020     1.4719977
2.2525    45.8125839     1.4089139
2.2550    45.6081772     1.4006945
2.2575    44.9792747     1.3794781
2.2600    44.7767410     1.3713775
2.2625    46.2710876     1.4152033
2.2650    46.0608063     1.4068292
2.2675    45.8504944     1.3984940
2.2700    43.5001755     1.3249941
2.2725    43.2996902     1.3170743
2.2750    43.4410095     1.3195661
2.2775    43.2389030     1.3116357
2.2800    43.4264946     1.3155315
2.2825    43.2225189     1.3075731
2.2850    43.5024223     1.3142489
2.2875    43.2961197     1.3062423
2.2900    41.9154167     1.2628629
2.2925    41.7147179     1.2551153
2.2950    40.7406235     1.2241495
2.2975    40.7246017     1.2220081
2.3000    39.9553261     1.1973048
2.3025    39.9739761     1.1962470
2.3050    40.9828033     1.2247807
2.3075    40.8198853     1.2182664
2.3100    44.1142426     1.3148123
2.3125    43.9374428     1.3077803
2.3150    34.2912788     1.0193001
2.3175    34.1577034     1.0139618
2.3200    34.0241165     1.0086477
2.3225    35.8899536     1.0625347
2.3250    35.7431259     1.0567690
2.3275    40.4719543     1.1949824
2.3300    40.3110008     1.1886377
2.3325    38.5137520     1.1341276
2.3350    38.3593330     1.1280798
2.3375    33.8801041     0.9950272
2.3400    33.7328568     0.9893852
2.3425    34.8283997     1.0201585
2.3450    34.6863403     1.0146452
2.3475    26.2397003     0.7665517
2.3500    26.1277237     0.7622685
2.3525    26.0197716     0.7581121
2.3550    34.5781555     1.0061387
2.3575    34.4286690     1.0004696
2.3600    32.8802261     0.9542079
2.3625    32.7368126     0.9487956
2.3650    33.1867065     0.9605682
2.3675    33.0354233     0.9549299
2.3700    24.5633450     0.7091058
2.3725    24.4581966     0.7051408
2.3750    24.3530350     0.7011904
2.3775    26.1290131     0.7513360
2.3800    26.0114269     0.7469770
2.3825    23.5598106     0.6756898
2.3850    23.4566555     0.6718524
2.3875    26.7686138     0.7657174
2.3900    26.6459198     0.7612126
2.3925    28.3837433     0.8098028
2.3950    28.2571449     0.8051410
2.3975    28.2533741     0.8039882
2.4000    33.6979599     0.9576735
2.4025    33.7103691     0.9567872
2.4050    22.6060200     0.6407858
2.4075    22.5236816     0.6376254
2.4100    23.1427364     0.6543034
2.4125    23.0538960     0.6509501
2.4150    22.9689465     0.6477109
2.4175    13.7547579     0.3873775
2.4200    13.7013474     0.3853744
2.4225    24.8427391     0.6978495
2.4250    24.7497787     0.6943432
2.4275    35.4802780     0.9941024
2.4300    35.3403282     0.9889163
2.4325    35.2003708     0.9837324
2.4350     9.3999758     0.2623619
2.4375     9.3640976     0.2610250
2.4400    31.5717049     0.8789418
2.4425    31.4502316     0.8744429
2.4450    10.0675268     0.2795617
2.4475    10.0266953     0.2780723
2.4500     9.9840717     0.2765377
2.4525    13.7590075     0.3806110
2.4550    13.7074547     0.3787017
2.4575    18.5628910     0.5121946
2.4600    18.4860439     0.5094272
2.4625    18.4058208     0.5065750
2.4650    23.0165958     0.6326724
2.4675    22.9285278     0.6294538
2.4700     7.3339100     0.2010828
2.4725     7.3029060     0.1999800
2.4750     7.2732573     0.1989170
2.4775    14.6079712     0.3990092
2.4800    14.5454206     0.3968012
2.4825     8.7108421     0.2373352
2.4850     8.6748695     0.2360572
2.4875     8.6388931     0.2347844
2.4900     4.3599296     0.1183435
2.4925     4.3408556     0.1176781
2.4950     5.8403487     0.1581300
2.4975     5.8371458     0.1578458
2.5000     5.8328133     0.1575319
2.5025     3.3671768     0.0908267
2.5050     3.3672814     0.0907163
2.5075     5.0712366     0.1365210
2.5100     5.0536613     0.1359469
2.5125     5.0351000     0.1353475
2.5150     0.6753334     0.0181401
2.5175     0.6728343     0.0180597
2.5200     1.6550704     0.0443913
2.5225     1.6492277     0.0442023
2.5250     1.6430570     0.0440047
2.5275     0.4556300     0.0121938
2.5300     0.4539118     0.0121390
2.5325     0.0190124     0.0005081
2.5350     0.0189439     0.0005059
2.5375     0.0188679     0.0005035
2.5400     0.0435732     0.0011619
2.5425     0.0434057     0.0011566
2.5450     0.0008610     0.0000229
2.5475     0.0008577     0.0000228
2.5500     0.0008545     0.0000227
2.5525     0.0802055     0.0021310
2.5550     0.0798912     0.0021211
2.5575     0.0795602     0.0021108
2.5600     0.0000039     0.0000001
2.5625     0.0000039     0.0000001
2.5650     0.0000000     0.0000000
2.5675     0.0000000     0.0000000
2.5700     0.0000000     0.0000000
2.5725     0.0000000     0.0000000
2.5750     0.0000000     0.0000000
2.5775     0.0000048     0.0000001
2.5800     0.0000048     0.0000001
2.5825     0.0000048     0.0000001
2.5850     0.0000000     0.0000000
2.5875     0.0000000     0.0000000
2.5900     0.0000000     0.0000000
2.5925     0.0000000     0.0000000
2.5950     0.0000000     0.0000000
2.5975     0.0000194     0.0000005
2.6000     0.0000194     0.0000005
2.6025     0.0000194     0.0000005
2.6050     0.0000000     0.0000000
2.6075     0.0000000     0.0000000
2.6100     0.0000000     0.0000000
2.6125     0.0000000     0.0000000
2.6150     0.0000000     0.0000000
2.6175     0.0000000     0.0000000
2.6200     0.0000363     0.0000009
2.6225     0.0000361     0.0000009
2.6250     0.0000000     0.0000000
2.6275     0.0000000     0.0000000
2.6300     0.0000000     0.0000000
2.6325     0.0112991     0.0002928
2.6350     0.0112574     0.0002916
2.6375     0.0112157     0.0002903
2.6400     0.0327392     0.0008468
2.6425     0.0326094     0.0008428
2.6450     0.0324795     0.0008389
2.6475     0.0055192     0.0001425
2.6500     0.0054983     0.0001418
2.6525     0.0054775     0.0001412
2.6550     0.0000289     0.0000007
2.6575     0.0000287     0.0000007
2.6600     0.0000000     0.0000000
2.6625     0.0000000     0.0000000
2.6650     0.0000000     0.0000000
2.6675     0.0000000     0.0000000
2.6700     0.0000000     0.0000000
2.6725     0.0000000     0.0000000
2.6750     0.0000000     0.0000000
2.6775     0.0000000     0.0000000
2.6800     0.0000000     0.0000000
2.6825     0.0000000     0.0000000
2.6850     0.0000000     0.0000000
2.6875     0.0000000     0.0000000
2.6900     0.0000000     0.0000000
2.6925     0.0000000     0.0000000
2.6950     0.0000000     0.0000000
2.6975     0.0000000     0.0000000
2.7000     0.0000000     0.0000000
2.7025     0.0000000     0.0000000
2.7050     0.0000000     0.0000000
2.7075     0.0000000     0.0000000
2.7100     0.0000000     0.0000000
2.7125     0.0000038     0.0000001
2.7150     0.0000038     0.0000001
2.7175     0.0000000     0.0000000
2.7200     0.0000000     0.0000000
2.7225     0.0000000     0.0000000
2.7250     0.0143220     0.0003622
2.7275     0.0142695     0.0003607
2.7300     0.0142169     0.0003591
2.7325     0.0000082     0.0000002
2.7350     0.0000082     0.0000002
2.7375     0.0000081     0.0000002
2.7400     0.0000000     0.0000000
2.7425     0.0000000     0.0000000
2.7450     0.0000000     0.0000000
2.7475     0.0001880     0.0000047
2.7500     0.0001873     0.0000047
2.7525     0.0001866     0.0000047
2.7550     0.0000000     0.0000000
2.7575     0.0000000     0.0000000
2.7600     0.0000000     0.0000000
2.7625     0.0000000     0.0000000
2.7650     0.0000000     0.0000000
2.7675     0.0000000     0.0000000
2.7700     0.0000000     0.0000000
2.7725     0.0000001     0.0000000
2.7750     0.0000001     0.0000000
2.7775     0.0000001     0.0000000
2.7800     0.0000003     0.0000000
2.7825     0.0000003     0.0000000
2.7850     0.0000003     0.0000000
2.7875     0.0000000     0.0000000
2.7900     0.0000000     0.0000000
2.7925     0.0000000     0.0000000
2.7950     0.0025259     0.0000628
2.7975     0.0025245     0.0000627
2.8000     0.0025231     0.0000626
2.8025     0.0000000     0.0000000
2.8050     0.0000000     0.0000000
2.8075     0.0000000     0.0000000
2.8100     0.0047846     0.0001185
2.8125     0.0047691     0.0001180
2.8150     0.0047537     0.0001176
2.8175     0.0006837     0.0000169
2.8200     0.0006815     0.0000168
2.8225     0.0006791     0.0000168
2.8250     0.1800182     0.0044412
2.8275     0.1794247     0.0044239
2.8300     0.1788313     0.0044067
2.8325     0.1781834     0.0043881
2.8350     0.0012747     0.0000314
2.8375     0.0012701     0.0000312
2.8400     0.0012658     0.0000311
2.8425     0.3772155     0.0092675
2.8450     0.3760579     0.0092336
2.8475     0.3746670     0.0091940
2.8500     0.0056683     0.0001390
2.8525     0.0056490     0.0001385
2.8550     0.0056279     0.0001379
2.8575     0.6510042     0.0159372
2.8600     0.6487581     0.0158729
2.8625     0.6463063     0.0158037
2.8650     0.6438543     0.0157345
2.8675     0.0724923     0.0017705
2.8700     0.0722617     0.0017639
2.8725     0.0720078     0.0017566
2.8750     1.3832704     0.0337256
2.8775     1.3783743     0.0335866
2.8800     1.3739262     0.0334590
2.8825     0.4996327     0.0121604
2.8850     0.4976814     0.0121059
2.8875     0.4958936     0.0120554
2.8900     0.4941057     0.0120050
2.8925     4.3306556     0.1051593
2.8950     4.3149209     0.1047169
2.8975     4.3092642     0.1045192
2.9000     0.0894235     0.0021677
2.9025     0.0893658     0.0021650
2.9050     0.0893380     0.0021631
2.9075     2.1881800     0.0529522
2.9100     2.1808784     0.0527455
2.9125     2.1735764     0.0525388
2.9150     2.1662741     0.0523326
2.9175     1.2255529     0.0295899
2.9200     1.2218246     0.0294832
2.9225     1.2176788     0.0293667
2.9250     4.3369341     0.1045345
2.9275     4.3221207     0.1041190
2.9300     4.3073063     0.1037039
2.9325     4.2910004     0.1032533
2.9350     3.9969296     0.0961229
2.9375     3.9844747     0.0957695
2.9400     3.9720192     0.0954167
2.9425     1.2821412     0.0307828
2.9450     1.2781061     0.0306688
2.9475     1.2736192     0.0305442
2.9500     3.1812098     0.0762499
2.9525     3.1699615     0.0759381
2.9550     3.1598446     0.0756538
2.9575     3.1485949     0.0753427
2.9600     7.2556710     0.1735253
2.9625     7.2296515     0.1728076
2.9650     7.2062492     0.1721536
2.9675     0.4472663     0.0106791
2.9700     0.4456446     0.0106345
2.9725     0.4440228     0.0105900
2.9750     0.4425642     0.0105495
2.9775     2.8810511     0.0686386
2.9800     2.8704569     0.0683489
2.9825     2.8598621     0.0680598
2.9850     2.8503327     0.0677956
2.9875     7.2830930     0.1731363
2.9900     7.2559166     0.1723969
2.9925     7.2287388     0.1716581
2.9950     3.8351946     0.0910240
2.9975     3.8323686     0.0909077
3.0000     3.8295431     0.0907914
3.0025     3.8267169     0.0906756
3.0050     2.6820471     0.0635184
3.0075     2.6739419     0.0632925
3.0100     2.6658361     0.0630667
3.0125     3.1263106     0.0739207
3.0150     3.1155741     0.0736276
3.0175     3.1060374     0.0733636
3.0200     3.0965006     0.0730991
3.0225     3.3469064     0.0789685
3.0250     3.3378673     0.0787133
3.0275     3.3249216     0.0783670
3.0300     3.3132775     0.0780512
3.0325     1.6075883     0.0378498
3.0350     1.6031874     0.0377263
3.0375     1.5975193     0.0375733
3.0400     2.7057881     0.0636063
3.0425     2.6983061     0.0633973
3.0450     2.6908243     0.0631883
3.0475     2.6811876     0.0629287
3.0500     0.8020159     0.0188139
3.0525     0.7991225     0.0187363
3.0550     0.7965525     0.0186663
3.0575     0.7939823     0.0185964
3.0600     4.3830643     0.1026058
3.0625     4.3688283     0.1022192
3.0650     4.3545914     0.1018335
3.0675     4.0588465     0.0948681
3.0700     4.0455265     0.0945081
3.0725     4.0305290     0.0941097
3.0750     4.0172076     0.0937499
3.0775     2.1379426     0.0498679
3.0800     2.1308286     0.0496765
3.0825     2.1237140     0.0494855
3.0850     2.1174941     0.0493151
3.0875     3.2287042     0.0751565
3.0900     3.2164381     0.0748325
3.0925     3.2055418     0.0745411
3.0950     3.1946454     0.0742501
3.0975     2.1678309     0.0503591
3.1000     2.1660137     0.0502916
3.1025     2.1632655     0.0502022
3.1050     2.1614480     0.0501348
3.1075     2.2133830     0.0513135
3.1100     2.2067306     0.0511336
3.1125     2.2000778     0.0509538
3.1150     2.1934242     0.0507744
3.1175     5.3228960     0.1231552
3.1200     5.3043618     0.1226646
3.1225     5.2881575     0.1222287
3.1250     5.2742820     0.1218473
3.1275     3.1796458     0.0734201
3.1300     3.1684306     0.0731249
3.1325     3.1600354     0.0728952
3.1350     4.6067514     0.1062139
3.1375     4.5903559     0.1057843
3.1400     4.5739594     0.1053541
3.1425     4.5575628     0.1049246
3.1450     4.0356660     0.0928635
3.1475     4.0229297     0.0925255
3.1500     4.0101938     0.0921867
3.1525     3.9974570     0.0918492
3.1550     6.0177636     0.1382023
3.1575     5.9957609     0.1376295
3.1600     5.9737568     0.1370573
3.1625     5.9545178     0.1365500
3.1650     8.3573656     0.1915586
3.1675     8.3263931     0.1907561
3.1700     8.2954178     0.1899552
3.1725     8.2683344     0.1892411
3.1750     6.7850332     0.1552176
3.1775     6.7627435     0.1546333
3.1800     6.7372494     0.1539755
3.1825     6.7149577     0.1533927
3.1850     3.5184214     0.0803342
3.1875     3.5050170     0.0799896
3.1900     3.4916122     0.0796456
3.1925     3.4798906     0.0793406
3.1950     0.5712283     0.0130176
3.1975     0.5704077     0.0129927
3.2000     0.5698643     0.0129741
3.2025     0.5695983     0.0129619
3.2050     0.5693322     0.0129497
3.2075     0.3234817     0.0073542
3.2100     0.3225395     0.0073293
3.2125     0.3215971     0.0073045
3.2150     0.3206548     0.0072796
3.2175     0.9447778     0.0214387
3.2200     0.9415240     0.0213546
3.2225     0.9387374     0.0212815
3.2250     0.9364182     0.0212190
3.2275     1.0519199     0.0238250
3.2300     1.0487783     0.0237427
3.2325     1.0451095     0.0236486
3.2350     1.0419675     0.0235665
3.2375     2.2085059     0.0499273
3.2400     2.2018254     0.0497531
3.2425     2.1951444     0.0495793
3.2450     2.1884637     0.0494054
3.2475     2.0888016     0.0471335
3.2500     2.0813277     0.0469433
3.2525     2.0749271     0.0467772
3.2550     2.0685263     0.0466115
3.2575     1.6110544     0.0362862
3.2600     1.6060531     0.0361571
3.2625     1.6002131     0.0360090
3.2650     1.5952114     0.0358800
3.2675     1.5902094     0.0357513
3.2700     2.3890777     0.0536868
3.2725     2.3815386     0.0534931
3.2750     2.3739991     0.0532993
3.2775     2.3651950     0.0530775
3.2800     4.0065861     0.0898717
3.2825     3.9937649     0.0895431
3.2850     3.9830925     0.0892636
3.2875     3.9681201     0.0888873
3.2900     1.0119209     0.0226573
3.2925     1.0080900     0.0225613
3.2950     1.0048091     0.0224778
3.2975     1.0042779     0.0224558
3.3000     1.0037466     0.0224338
3.3025     3.5534201     0.0793837
3.3050     3.5534861     0.0793496
3.3075     3.4507794     0.0770220
3.3100     3.4413579     0.0767768
3.3125     0.0449121     0.0010016
3.3150     0.0447887     0.0009984
3.3175     0.0446653     0.0009952
3.3200     0.0445419     0.0009920
3.3225     3.6574323     0.0814171
3.3250     3.6472716     0.0811546
3.3275     3.6350653     0.0808480
3.3300     3.1140471     0.0692293
3.3325     3.0828657     0.0685055
3.3350     3.6952214     0.0820770
3.3375     3.6867428     0.0818527
3.3400     3.6782358     0.0816284
3.3425     3.6718032     0.0814497
3.3450     2.4223723     0.0537109
3.3475     2.4166992     0.0535616
3.3500     2.4110069     0.0534124
3.3525     2.4080865     0.0533245
3.3550     2.4051530     0.0532364
3.3575     3.0461736     0.0673956
3.3600     3.0388496     0.0672047
3.3625     3.0350626     0.0670918
3.3650     3.0312588     0.0669791
3.3675     3.6717951     0.0810971
3.3700     3.6627836     0.0808637
3.3725     3.6580884     0.0807249
3.3750     3.6533730     0.0805863
3.3775     3.6421008     0.0803029
3.3800     3.6235366     0.0798601
3.3825     3.6165829     0.0796725
3.3850     3.6117835     0.0795331
3.3875     3.6025996     0.0792969
3.3900     5.0197954     0.1104441
3.3925     5.0088844     0.1101571
3.3950     4.9979444     0.1098703
3.3975     4.9961476     0.1097840
3.4000     4.9973979     0.1097650
3.4025     3.2353480     0.0710327
3.4050     3.2361457     0.0710203
3.4075     3.2309780     0.0708768
3.4100     3.2257938     0.0707335
3.4125     3.2186048     0.0705463
3.4150     6.2069373     0.1359885
3.4175     6.1929817     0.1356259
3.4200     6.1828437     0.1353471
3.4225     6.1726775     0.1350683
3.4250     5.8707480     0.1284078
3.4275     5.8536439     0.1279810
3.4300     5.8364983     0.1275530
3.4325     5.8303766     0.1273668
3.4350     5.8242326     0.1271799
3.4375     6.3922844     0.1395259
3.4400     6.3773365     0.1391427
3.4425     6.3623505     0.1387582
3.4450     6.3514023     0.1384631
3.4475     6.3404231     0.1381660
3.4500     6.5205059     0.1420325
3.4525     6.5049105     0.1416348
3.4550     6.4892769     0.1412365
3.4575     6.4778223     0.1409295
3.4600     6.4663363     0.1406223
3.4625     7.6784263     0.1669139
3.4650     7.6646891     0.1665470
3.4675     7.6408467     0.1659617
3.4700     7.6219878     0.1654842
3.4725     7.3978806     0.1605548
3.4750     7.3843656     0.1601962
3.4775     7.3708148     0.1598370
3.4800     7.3523126     0.1593720
3.4825     7.3337655     0.1589056
3.4850     7.7390723     0.1676215
3.4875     7.7193756     0.1671276
3.4900     7.7048450     0.1667448
3.4925     7.6850586     0.1662510
3.4950     7.6704488     0.1658685
3.4975     8.2957201     0.1793188
3.5000     8.2911482     0.1791482
3.5025     8.2978888     0.1792235
3.5050     8.2989550     0.1791742
3.5075     8.2829762     0.1787585
3.5100     8.2750797     0.1785175
3.5125     8.2516766     0.1779417
3.5150     8.2282362     0.1773676
3.5175     8.2104540     0.1769132
3.5200     8.1983423     0.1765818
3.5225     8.0300465     0.1728904
3.5250     8.0181170     0.1725652
3.5275     7.9893546     0.1718786
3.5300     7.9661541     0.1713125
3.5325     7.9541345     0.1709881
3.5350     7.3857622     0.1587084
3.5375     7.3640943     0.1581804
3.5400     7.3423905     0.1576526
3.5425     7.3258820     0.1572379
3.5450     7.3145761     0.1569338
3.5475     7.6792121     0.1646926
3.5500     7.6672673     0.1643734
3.5525     7.6442661     0.1638171
3.5550     7.6267471     0.1633795
3.5575     7.6091990     0.1629401
3.5600     7.7715125     0.1663516
3.5625     7.7534871     0.1659021
3.5650     7.7410936     0.1655729
3.5675     7.7173438     0.1650020
3.5700     7.6992273     0.1645519
3.5725     7.2954874     0.1558627
3.5750     7.2768321     0.1554053
3.5775     7.2581568     0.1549478
3.5800     7.2448554     0.1546048
3.5825     7.2261424     0.1541484
3.5850     7.4864974     0.1596414
3.5875     7.4614081     0.1590456
3.5900     7.4362931     0.1584511
3.5925     7.4223828     0.1580943
3.5950     7.4028392     0.1576182
3.5975     7.4994597     0.1596162
3.6000     7.4967084     0.1594976
3.6025     7.4882512     0.1592581
3.6050     7.4797826     0.1590180
3.6075     7.4655986     0.1586571
3.6100     7.4513974     0.1582965
3.6125     7.8439817     0.1665742
3.6150     7.8289704     0.1661936
3.6175     7.8079166     0.1656851
3.6200     7.7868423     0.1651765
3.6225     7.7717748     0.1647961
3.6250     7.5198693     0.1593948
3.6275     7.4993606     0.1589019
3.6300     7.4846873     0.1585329
3.6325     7.4641399     0.1580388
3.6350     7.4435711     0.1575460
3.6375     7.3993258     0.1565521
3.6400     7.3918457     0.1563365
3.6425     7.3726568     0.1558730
3.6450     7.3534369     0.1554101
3.6475     7.3341875     0.1549463
3.6500     7.6496129     0.1615509
3.6525     7.6294394     0.1610671
3.6550     7.6153622     0.1607113
3.6575     7.5951314     0.1602259
3.6600     7.5810003     0.1598699
3.6625     7.5607104     0.1593844
3.6650     7.3362384     0.1545964
3.6675     7.3224149     0.1542483
3.6700     7.3085680     0.1539022
3.6725     7.2887135     0.1534285
3.6750     7.2748170     0.1530805
3.6775     7.3303633     0.1541948
3.6800     7.3102155     0.1537157
3.6825     7.2960968     0.1533640
3.6850     7.2819552     0.1530122
3.6875     7.2617230     0.1525321
3.6900     7.2475300     0.1521796
3.6925     7.4202600     0.1557513
3.6950     7.3993983     0.1552588
3.6975     7.3972340     0.1551580
3.7000     7.4013038     0.1551883
3.7025     7.4053717     0.1552180
3.7050     7.2012348     0.1508871
3.7075     7.1856484     0.1505075
3.7100     7.1700468     0.1501274
3.7125     7.1544290     0.1497485
3.7150     7.1387954     0.1493687
3.7175     7.2399545     0.1514324
3.7200     7.2240310     0.1510456
3.7225     7.2080922     0.1506605
3.7250     7.1921368     0.1502745
3.7275     7.1823673     0.1500174
3.7300     7.1663818     0.1496316
3.7325     7.1745148     0.1497490
3.7350     7.1521912     0.1492317
3.7375     7.1423221     0.1489731
3.7400     7.1262012     0.1485862
3.7425     7.1100655     0.1481986
3.7450     7.0939116     0.1478106
3.7475     7.1005239     0.1478978
3.7500     7.0842862     0.1475083
3.7525     7.0680337     0.1471200
3.7550     7.0517640     0.1467303
3.7575     7.0354795     0.1463414
3.7600     7.0197983     0.1459652
3.7625     7.0034790     0.1455778
3.7650     6.9871449     0.1451886
3.7675     6.9707942     0.1447983
3.7700     6.9544287     0.1444089
3.7725     6.9380465     0.1440207
3.7750     6.9274793     0.1437525
3.7775     6.9098692     0.1433387
3.7800     6.8922501     0.1429251
3.7825     6.8746238     0.1425102
3.7850     6.8632908     0.1422286
3.7875     6.8393450     0.1416838
3.7900     6.7740049     0.1402833
3.7925     6.7502050     0.1397441
3.7950     6.7326589     0.1393338
3.7975     6.7213683     0.1390532
3.8000     6.7163363     0.1389030
3.8025     6.7890544     0.1403595
3.8050     6.7839570     0.1402080
3.8075     6.7661743     0.1397940
3.8100     6.7483821     0.1393797
3.8125     6.7369246     0.1390969
3.8150     6.7191181     0.1386827
3.8175     6.6807637     0.1378465
3.8200     6.6629763     0.1374346
3.8225     6.6515155     0.1371526
3.8250     6.6337128     0.1367404
3.8275     6.6159015     0.1363283
3.8300     6.6044211     0.1360469
3.8325     6.5179467     0.1342217
3.8350     6.5065727     0.1339433
3.8375     6.4889174     0.1335365
3.8400     6.4712539     0.1331299
3.8425     6.4535823     0.1327221
3.8450     6.4359026     0.1323164
3.8475     6.1980095     0.1273842
3.8500     6.1849484     0.1270738
3.8525     6.1658306     0.1266402
3.8550     6.1527805     0.1263308
3.8575     6.1336765     0.1258992
3.8600     6.1206379     0.1255900
3.8625     5.4521198     0.1118369
3.8650     5.4350486     0.1114506
3.8675     5.4179831     0.1110645
3.8700     5.4063420     0.1107905
3.8725     5.3892889     0.1104061
3.8750     5.3722410     0.1100218
3.8775     5.0739493     0.1038793
3.8800     5.0578074     0.1035158
3.8825     5.0468016     0.1032572
3.8850     5.0357995     0.1029992
3.8875     5.0196743     0.1026375
3.8900     4.9984283     0.1021707
3.8925     5.5400171     0.1132052
3.8950     5.5278168     0.1129202
3.8975     5.5213132     0.1127516
3.9000     5.5205030     0.1126996
3.9025     5.5196943     0.1126474
3.9050     5.5188870     0.1125959
3.9075     5.1645279     0.1053335
3.9100     5.1424150     0.1048489
3.9125     5.1309872     0.1045833
3.9150     5.1195631     0.1043179
3.9175     5.1134810     0.1041616
3.9200     5.1020660     0.1038973
3.9225     5.2920151     0.1077315
3.9250     5.2737575     0.1073266
3.9275     5.2610607     0.1070345
3.9300     5.2428255     0.1066300
3.9325     5.2301497     0.1063393
3.9350     5.2174830     0.1060493
3.9375     5.5526271     0.1128268
3.9400     5.5332217     0.1123978
3.9425     5.5197396     0.1120892
3.9450     5.5062666     0.1117814
3.9475     5.4928041     0.1114736
3.9500     5.4734464     0.1110467
3.9525     5.4541020     0.1106200
3.9550     5.7013755     0.1156008
3.9575     5.6873112     0.1152806
3.9600     5.6732574     0.1149605
3.9625     5.6530352     0.1145159
3.9650     5.6390033     0.1141969
3.9675     5.6249804     0.1138784
3.9700     5.6661382     0.1146767
3.9725     5.6519847     0.1143559
3.9750     5.6440778     0.1141622
3.9775     5.6237073     0.1137152
3.9800     5.6033506     0.1132702
3.9825     5.5830073     0.1128246
3.9850     5.6424851     0.1139925
3.9875     5.6282082     0.1136695
3.9900     5.6139417     0.1133479
3.9925     5.5933795     0.1128987
3.9950     5.5791349     0.1125772
3.9975     5.5648994     0.1122574
4.0000     2.7753372     0.0559687
# mm  dd    h_s     H2O      O3     aot       dir       dif      seb
#  8  15  45.00   2.051   0.345   0.200   148.980    38.151  1323.90
